============================================================
MNIST Secure Inference Verification Results
============================================================

Mode: TEE
Device: cuda
Number of samples: 16

Per-sample results:
----------------------------------------------------------------------
  Idx Label  Base   Conf Secure   Conf       Diff
----------------------------------------------------------------------
  729     6     6  1.000      6  1.000 1.411438e-04
 1787     9     9  1.000      9  1.000 1.754761e-04
 3707     8     8  0.999      8  0.999 1.163483e-04
 9114     5     5  1.000      5  1.000 6.980896e-04
  752     4     4  1.000      4  1.000 1.726151e-04
 9999     6     6  1.000      6  1.000 9.431839e-04
 4745     4     4  1.000      4  1.000 1.640320e-04
 5062     3     3  0.998      3  0.998 7.629395e-05
 3335     5     5  0.996      5  0.996 4.830360e-04
 3770     4     4  1.000      4  1.000 1.878738e-04
 1670     5     5  0.998      5  0.998 9.727478e-05
 8673     2     2  1.000      2  1.000 8.239746e-04
  985     2     2  1.000      2  1.000 3.299713e-04
 7558     0     0  0.993      0  0.993 1.277924e-04
 4435     3     7  0.498      7  0.498 1.578331e-04
 9102     4     4  1.000      4  1.000 8.382797e-04
----------------------------------------------------------------------

Baseline accuracy: 15/16 (93.8%)
Secure accuracy:   15/16 (93.8%)

Max difference:  9.431839e-04
Avg difference:  3.458261e-04

⚠ Difference detected (threshold: 1e-4)
